         A    R    N    D    C    Q    E    G    H    I    L    K    M    F    P    S    T    W    Y    V
    A    5   -2   -2   -2   -2   -1   -1   -3   -1   -2   -2   -1   -1   -4    0    1    0   -6   -6    0
    R   -2    6   -1   -4    0   -1   -3    0    1   -3   -2    1   -2   -3   -5   -3   -1   -4   -1   -3
    N   -2   -1    7    1   -3   -1    0   -2   -1   -1   -7   -2   -3   -4   -3    0    0   -5   -3   -1
    D   -2   -4    1    6   -3   -5    1   -2   -3   -2   -3   -3   -5   -3   -5   -4   -5   -7   -4   -2
    C   -2    0   -3   -3    8    1   -2   -1   -7   -1   -1   -3    1    1   -1   -1    0   -3    0   -1
    Q   -1   -1   -1   -5    1    7   -1   -4    3    0   -2    1   -3   -3   -4   -3   -4   -5   -5   -4
    E   -1   -3    0    1   -2   -1    5   -3   -5   -3   -3   -1    0   -6   -1   -3   -3   -3   -3   -3
    G   -3    0   -2   -2   -1   -4   -3    7   -3   -4   -2   -3   -3   -6   -4    1   -2    1   -4   -2
    H   -1    1   -1   -3   -7    3   -5   -3    8    0   -3   -4    0   -4   -2   -1   -3   -4    1   -3
    I   -2   -3   -1   -2   -1    0   -3   -4    0    6    0   -4    0   -1   -3   -2   -2   -5   -2    2
    L   -2   -2   -7   -3   -1   -2   -3   -2   -3    0    5   -7    1    1   -3   -3   -4   -2   -3    0
    K   -1    1   -2   -3   -3    1   -1   -3   -4   -4   -7    6   -5   -9   -4   -1   -1   -2   -5   -2
    M   -1   -2   -3   -5    1   -3    0   -3    0    0    1   -5    9    0   -4   -2    0   -4   -4    0
    F   -4   -3   -4   -3    1   -3   -6   -6   -4   -1    1   -9    0    7   -5   -5   -3    0    3   -3
    P    0   -5   -3   -5   -1   -4   -1   -4   -2   -3   -3   -4   -4   -5    7    0   -2   -4   -3   -5
    S    1   -3    0   -4   -1   -3   -3    1   -1   -2   -3   -1   -2   -5    0    5    0   -6   -3   -3
    T    0   -1    0   -5    0   -4   -3   -2   -3   -2   -4   -1    0   -3   -2    0    6   -4   -2   -2
    W   -6   -4   -5   -7   -3   -5   -3    1   -4   -5   -2   -2   -4    0   -4   -6   -4    9   -6   -1
    Y   -6   -1   -3   -4    0   -5   -3   -4    1   -2   -3   -5   -4    3   -3   -3   -2   -6    8   -4
    V    0   -3   -1   -2   -1   -4   -3   -2   -3    2    0   -2    0   -3   -5   -3   -2   -1   -4    6
