         A    R    N    D    C    Q    E    G    H    I    L    K    M    F    P    S    T    W    Y    V
    A    5   -3   -2   -2   -2   -1   -1   -3   -1   -2   -2   -1   -2   -4    0    1    0   -7   -6    0
    R   -3    6   -1   -4    0   -1   -3    0    1   -3   -2    2   -2   -3   -5   -3   -1   -4   -2   -3
    N   -2   -1    7    1   -3   -1    0   -2   -1   -1   -7   -2   -4   -4   -3    0    0   -6   -3   -1
    D   -2   -4    1    6   -3   -6    1   -2   -3   -2   -3   -3   -5   -3   -6   -4   -5   -8   -4   -2
    C   -2    0   -3   -3    8    1   -2   -1  -99   -2   -1   -4    1    0   -1   -2    0   -3    0   -1
    Q   -1   -1   -1   -6    1    7   -1   -4    3    0   -2    1   -4   -3   -4   -3   -5   -5   -6   -4
    E   -1   -3    0    1   -2   -1    5   -3   -6   -3   -3   -1    0   -7   -1   -3   -3   -3   -3   -3
    G   -3    0   -2   -2   -1   -4   -3    7   -4   -4   -2   -3   -3   -7   -4    1   -2    1   -5   -2
    H   -1    1   -1   -3  -99    3   -6   -4    8    0   -3   -4    0   -5   -3   -1   -3   -5    1   -3
    I   -2   -3   -1   -2   -2    0   -3   -4    0    6    0   -4   -1   -1   -3   -3   -2   -5   -2    2
    L   -2   -2   -7   -3   -1   -2   -3   -2   -3    0    6   -7    1    1   -3   -3   -4   -2   -3    0
    K   -1    2   -2   -3   -4    1   -1   -3   -4   -4   -7    6   -5  -10   -4   -1   -1   -2   -6   -2
    M   -2   -2   -4   -5    1   -4    0   -3    0   -1    1   -5    9    0   -4   -2    0   -6   -6    0
    F   -4   -3   -4   -3    0   -3   -7   -7   -5   -1    1  -10    0    7   -5   -5   -3    0    3   -3
    P    0   -5   -3   -6   -1   -4   -1   -4   -3   -3   -3   -4   -4   -5    7    0   -2   -5   -3   -5
    S    1   -3    0   -4   -2   -3   -3    1   -1   -3   -3   -1   -2   -5    0    5    1   -7   -3   -3
    T    0   -1    0   -5    0   -5   -3   -2   -3   -2   -4   -1    0   -3   -2    1    6   -5   -2   -2
    W   -7   -4   -6   -8   -3   -5   -3    1   -5   -5   -2   -2   -6    0   -5   -7   -5    9   -8   -1
    Y   -6   -2   -3   -4    0   -6   -3   -5    1   -2   -3   -6   -6    3   -3   -3   -2   -8    8   -4
    V    0   -3   -1   -2   -1   -4   -3   -2   -3    2    0   -2    0   -3   -5   -3   -2   -1   -4    6
